/bidirectional:
/bidirectional/bidirectional:
/bidirectional/bidirectional/backward_lstm:
/bidirectional/bidirectional/backward_lstm/lstm_cell_2:
/bidirectional/bidirectional/backward_lstm/lstm_cell_2/bias:0:
[ 4.59393673e-02  2.25647707e-02  1.18003292e-02  7.89795537e-03
  2.05811374e-02  1.08526386e-02 -1.04573602e-03 -4.32922691e-03
  2.55239778e-03  1.52559476e-02  6.59397757e-03 -3.65568744e-03
  6.76196767e-03  4.39520972e-03  6.79223239e-03  4.37371805e-03
 -6.18078373e-03  4.23104828e-03  1.23795739e-03  1.46146668e-02
 -1.43424924e-02  1.12865744e-02  1.30798696e-02 -3.32491565e-03
  8.41574091e-03  2.03808974e-02  5.11625316e-03  1.63130108e-02
 -4.13384987e-03  1.92681071e-03 -8.23797472e-03 -1.04706790e-02
  1.73626689e-03  1.09180026e-02  4.73916577e-03  9.34600178e-03
  8.96739960e-03 -3.00856424e-03  5.14006009e-03  4.93199751e-03
  1.26078306e-02  1.35079934e-03  1.57444645e-02 -1.02140652e-02
  1.32045127e-04  4.08109277e-03  9.71293543e-03  1.63478013e-02
  3.13979685e-02  2.97288336e-02  1.87453125e-02  5.34914574e-03
  9.89606883e-03  2.52561807e-03 -5.26913954e-03  4.25625313e-03
 -1.14139179e-02  1.97885223e-02  9.23981075e-04 -3.99286859e-03
  2.53082328e-02 -1.86125297e-04  9.80086811e-03  9.51015577e-03
  1.04844046e+00  9.95791912e-01  1.00721455e+00  9.88366485e-01
  1.01822472e+00  9.86376405e-01  9.79687095e-01  9.77938533e-01
  9.95640635e-01  1.02089393e+00  9.93528008e-01  9.75515723e-01
  9.87751126e-01  1.01166320e+00  9.94927347e-01  9.72145915e-01
  9.74846303e-01  9.67774153e-01  9.80243146e-01  9.99199212e-01
  9.64958131e-01  1.02895200e+00  1.01482332e+00  9.65235829e-01
  9.98423159e-01  1.01451266e+00  9.71412539e-01  1.01159644e+00
  9.88130212e-01  9.79084849e-01  9.72851932e-01  9.80264246e-01
  9.84101892e-01  9.90863204e-01  1.00585604e+00  1.00755274e+00
  9.84492660e-01  9.78682518e-01  9.85343099e-01  9.84730005e-01
  1.00793087e+00  9.81908798e-01  1.01042640e+00  9.85714614e-01
  9.76702094e-01  9.72299933e-01  9.77023363e-01  1.01093030e+00
  1.03374541e+00  1.02637625e+00  1.01746869e+00  9.95917857e-01
  9.89293516e-01  9.71352279e-01  9.85988319e-01  9.74160671e-01
  9.66696680e-01  9.94744718e-01  9.78517175e-01  9.79644060e-01
  1.02295244e+00  1.00988185e+00  1.01015639e+00  9.81986523e-01
  1.38103053e-01  2.64238510e-02  2.15169992e-02  1.75149404e-02
 -5.78403138e-02 -2.90291421e-02  1.01599358e-02  4.59163496e-03
 -3.60984588e-03 -2.36096960e-02 -1.99524616e-03  2.33430266e-02
  5.54049062e-03 -2.79256050e-02 -5.37714846e-02 -1.63467415e-03
 -4.68109269e-03 -3.22767720e-02  2.16774251e-02 -4.77840267e-02
  1.28430396e-03 -4.08748686e-02  1.13515491e-02 -1.63224824e-02
 -2.60296129e-02 -5.01084477e-02 -8.21925420e-03  5.35456128e-02
 -9.29187285e-04  3.28903422e-02 -1.03117013e-02 -8.04412737e-03
  1.90594122e-02  3.74465734e-02  1.52538633e-02  4.21683826e-02
 -4.34072651e-02 -4.22330573e-03  2.03247145e-02 -2.53677219e-02
  4.33126837e-02 -2.90912185e-02 -2.18816623e-02 -1.34563129e-02
  1.30654564e-02  1.03940964e-02 -1.19771389e-02  3.63188311e-02
  1.13015510e-01  8.44497904e-02 -5.78939244e-02  1.24061303e-02
  2.74548102e-02  1.81580558e-02 -1.47264106e-02 -1.41880503e-02
  2.75228033e-03 -8.51097982e-03 -1.77453011e-02 -6.60511851e-03
  6.60071149e-02 -1.89176835e-02 -2.95662358e-02 -1.37866475e-02
 -1.11145526e-02 -3.25181033e-03 -1.14893317e-02 -4.06622281e-03
 -3.32052028e-03 -4.11256030e-03  2.15576077e-03 -1.34522161e-02
 -6.16497593e-03 -1.21837901e-02 -7.99406972e-03 -1.25627555e-02
  3.08688660e-03 -1.42087955e-02 -3.14816111e-03 -3.85846221e-03
 -1.15290959e-03  7.48996483e-03  9.42643918e-03 -1.07354028e-02
  1.16861640e-02 -9.87110380e-03 -1.05981845e-02 -6.60651457e-03
 -2.94512068e-03 -1.42831821e-02  1.46689126e-02 -8.77970178e-03
  4.13770555e-03 -3.45663540e-03 -1.08183986e-02 -1.42485986e-03
 -8.25068448e-03  6.04264485e-03 -3.78111820e-03 -1.81501415e-02
  2.37693358e-03 -5.28023578e-03  1.47853317e-02  5.67635871e-04
 -1.05634062e-02 -8.88261537e-04  3.23877961e-04  3.53820552e-03
  1.15761617e-02 -9.74172633e-03  1.46448854e-02 -9.92876850e-03
 -4.68845759e-03 -1.11016007e-02 -8.42617825e-03 -6.06922712e-03
 -1.14246942e-02 -1.53688760e-02 -2.85673421e-03  2.73703388e-03
 -2.48704501e-03  2.31736363e-03  2.13001063e-03  6.72202266e-04
 -2.06659492e-02 -1.41547984e-02 -1.00948580e-03 -4.36855387e-03]
/bidirectional/bidirectional/backward_lstm/lstm_cell_2/kernel:0:
[[ 0.02905813  0.05128437  0.04003947 ... -0.02223969  0.00683931
  -0.04399362]
 [-0.00911621  0.03313042 -0.02075992 ...  0.05746533  0.04800136
   0.02672915]
 [-0.06166398 -0.01624243 -0.02717    ... -0.037639   -0.11531216
   0.0095707 ]
 ...
 [ 0.06911557 -0.01709969 -0.02183666 ...  0.05684101  0.01885804
   0.04806841]
 [-0.04390066  0.01105796  0.01558915 ... -0.13658366 -0.03781021
  -0.00953392]
 [-0.04257315  0.03697402 -0.01865108 ... -0.01095815 -0.07463146
  -0.06412421]]
/bidirectional/bidirectional/backward_lstm/lstm_cell_2/recurrent_kernel:0:
[[-0.09282318  0.00175694 -0.02750063 ... -0.08950073 -0.05097136
   0.10763336]
 [-0.01691378 -0.02811537  0.00567976 ... -0.07418124 -0.0292743
   0.05058098]
 [ 0.04839039  0.05302665  0.00799362 ...  0.05408984  0.01329802
  -0.15012218]
 ...
 [ 0.06080364  0.14773174 -0.06071116 ... -0.07248347 -0.0025402
   0.02831688]
 [-0.01063596 -0.09923533 -0.0203789  ...  0.1362549   0.02258166
  -0.00720513]
 [ 0.02878973  0.01337414 -0.02828053 ...  0.04390011 -0.08017639
   0.05376029]]
/bidirectional/bidirectional/forward_lstm:
/bidirectional/bidirectional/forward_lstm/lstm_cell_1:
/bidirectional/bidirectional/forward_lstm/lstm_cell_1/bias:0:
[ 3.62326321e-03 -3.04583926e-03  2.59048236e-03  3.77631257e-03
 -5.44796651e-03  4.18109819e-03 -1.58798485e-03  1.93805452e-02
  2.19413415e-02 -2.13848287e-03  2.03553531e-02  8.30361154e-03
  1.18531222e-02  2.67083943e-03  5.58099826e-04  1.67949218e-02
  1.38648378e-03 -1.04246254e-03  1.17534660e-02  1.64644066e-02
  1.25004966e-02  3.30471608e-04  5.60622197e-04  4.27241437e-03
  3.04671912e-03  1.39569174e-02  1.70785468e-02  2.23813709e-02
  9.53903422e-03  2.36639613e-03 -2.26085652e-02 -9.23437066e-03
  4.23947908e-03  4.87360056e-04  2.61188881e-03  5.51195443e-03
 -3.86337779e-04  1.50944786e-02  6.17199671e-03  1.06430231e-02
 -8.47916468e-04 -6.24335790e-03 -1.09253693e-02  3.21032805e-03
  1.61887109e-02 -6.32793177e-03 -1.18916528e-02  4.00361838e-03
  5.25352021e-04 -4.33862396e-03  5.37866633e-03  2.29678396e-03
 -2.43174145e-03  6.60179742e-03  3.78508028e-03  3.94932977e-05
  1.97959710e-02 -3.52410995e-03  5.64009510e-03  1.48606533e-02
  7.89836608e-03  1.98960658e-02  1.48924934e-02  8.03824980e-03
  9.87625957e-01  9.85680103e-01  9.89484608e-01  9.84429777e-01
  9.68587399e-01  9.83050346e-01  9.89644051e-01  9.94416296e-01
  9.84991133e-01  9.93467569e-01  9.98699009e-01  9.74296927e-01
  1.01027191e+00  9.80054498e-01  1.01239765e+00  1.00510359e+00
  9.68360901e-01  9.95312631e-01  1.01472664e+00  9.99067247e-01
  9.91777718e-01  1.00930154e+00  9.89238083e-01  9.95331705e-01
  9.86430109e-01  1.00998688e+00  9.98208404e-01  1.00582361e+00
  9.91037786e-01  9.86073196e-01  9.74297702e-01  9.74818230e-01
  9.78556752e-01  9.74875152e-01  1.00639927e+00  9.89259243e-01
  9.82302725e-01  1.01305485e+00  1.00923455e+00  9.91571248e-01
  9.81451333e-01  9.78775501e-01  9.80778337e-01  9.99584436e-01
  9.87789631e-01  9.72538233e-01  9.65352297e-01  9.84115839e-01
  9.84492660e-01  9.80144799e-01  1.00219321e+00  9.77135479e-01
  9.76340353e-01  1.00898004e+00  9.83010232e-01  9.92333293e-01
  1.00264335e+00  9.71735418e-01  1.00400651e+00  1.00972128e+00
  9.88868713e-01  1.01262105e+00  1.01484275e+00  1.00297356e+00
 -3.96347651e-03 -9.76838730e-03  8.22027028e-03  3.39503353e-03
 -4.17093653e-03  3.44976131e-03 -6.46814145e-03  1.63259711e-02
 -1.86898522e-02 -9.31838434e-03 -1.45584866e-02 -1.51447086e-02
  1.38463890e-02 -1.26102054e-02 -1.51067916e-02 -1.17991678e-02
 -5.63542650e-04  9.53292288e-03 -1.43382465e-02  1.09993126e-02
 -1.05612157e-02 -1.51838148e-02 -1.41623411e-02 -9.77786444e-03
  5.31177921e-03 -8.81694537e-03  2.20681392e-02 -1.48477899e-02
 -6.31999830e-03 -1.09113092e-02 -4.91779717e-03 -2.22367723e-03
  1.18318049e-03  3.46347806e-04 -8.63529369e-03  1.07574128e-02
 -6.84777182e-03  2.37853583e-02  5.10266866e-04 -5.30777732e-04
 -7.73187075e-03  2.28354894e-03 -1.02263445e-03 -2.00547557e-02
  1.67023111e-02  2.77095503e-04 -2.08512205e-03 -5.78742893e-03
  9.94148385e-03  1.26737647e-03 -1.63102597e-02  3.21142306e-03
 -3.21110152e-03  6.92323968e-03  1.55425165e-02  1.72790084e-02
 -1.72121413e-02 -3.29034519e-03  1.80450100e-02  3.30552668e-03
  4.75008332e-04 -1.74859352e-02  1.43679939e-02  1.20407026e-02
 -4.36102413e-03  5.32738585e-03 -3.23024206e-03 -3.51527892e-03
 -1.36624686e-02  4.15927119e-04 -7.16710696e-03 -4.49275321e-05
 -1.86908548e-03 -8.74169543e-03 -1.36126373e-02  4.40371875e-03
 -1.41162872e-02  2.88892450e-04 -5.66497853e-04  4.46799025e-03
  3.08031146e-03  3.73015879e-03 -1.36864902e-02 -1.30309043e-02
 -1.04044843e-02 -7.50829838e-03 -5.57739288e-03 -2.45462521e-03
 -8.42869282e-03 -1.05143664e-02 -8.79595987e-03 -1.09984465e-02
 -7.95689691e-03  1.64234266e-03 -1.06998263e-02  4.45271656e-03
  6.17128052e-03  1.05477835e-03 -1.42764263e-02 -1.36395432e-02
 -1.41032357e-02 -1.05027007e-02 -1.72729045e-02 -1.70463007e-02
  7.20818294e-03 -5.09323925e-03  6.24163030e-03 -2.42138907e-04
  2.80008954e-03  6.66625041e-04 -3.33998492e-03  2.22103670e-02
  3.96122783e-03 -8.99254694e-04 -8.18101875e-03  3.98047501e-03
 -4.82372101e-03 -1.44030228e-02 -1.96411484e-03 -1.75532829e-02
 -1.09334718e-02  1.27809134e-03 -4.52840328e-03 -1.50355324e-02
 -8.13634414e-03 -5.30611910e-03 -1.11850118e-02 -2.73169600e-03]
/bidirectional/bidirectional/forward_lstm/lstm_cell_1/kernel:0:
[[-0.0310591   0.06318689 -0.03741169 ... -0.03897791  0.05426683
  -0.0289977 ]
 [ 0.01268168  0.02712764  0.02410516 ... -0.04669499  0.03584159
  -0.03357785]
 [-0.0914525   0.03101926  0.0015718  ...  0.06314185  0.02718334
  -0.0840826 ]
 ...
 [-0.05071251  0.07669096  0.04837539 ... -0.04322119 -0.04810809
  -0.04775653]
 [-0.04939992  0.04530954  0.06893791 ... -0.04565613  0.00607674
  -0.02647487]
 [ 0.00912675  0.07250654 -0.02620201 ... -0.1070745  -0.02428084
  -0.01293087]]
/bidirectional/bidirectional/forward_lstm/lstm_cell_1/recurrent_kernel:0:
[[ 0.06964934  0.07883031 -0.01391991 ...  0.00520443  0.02896374
   0.06598496]
 [-0.03606948  0.13345122  0.06196527 ... -0.04138098 -0.00819495
  -0.02120042]
 [-0.07948127  0.09482238 -0.05353137 ...  0.06083364  0.04763529
  -0.05094567]
 ...
 [ 0.0085109   0.12484198  0.05552528 ...  0.07645967 -0.11858481
   0.10040571]
 [ 0.03141911  0.05993406  0.03260583 ...  0.05372624 -0.07600453
   0.06534494]
 [-0.05276104 -0.05793308 -0.12946932 ... -0.12749991 -0.04019309
  -0.08272117]]
/bidirectional_1:
/bidirectional_1/bidirectional_1:
/bidirectional_1/bidirectional_1/backward_lstm_1:
/bidirectional_1/bidirectional_1/backward_lstm_1/lstm_cell_5:
/bidirectional_1/bidirectional_1/backward_lstm_1/lstm_cell_5/bias:0:
[ 3.43844714e-03  4.99774981e-03  1.73441076e-03  5.98318176e-03
  6.10104902e-03  4.11299430e-03  5.77537389e-03  8.77608778e-04
  5.72873652e-03  4.59918426e-03  6.03420194e-03 -5.41568128e-03
  5.95962210e-03  1.76009294e-02  4.34412900e-03  5.98364603e-03
  5.76514006e-03  1.69659485e-04  3.83076654e-03  1.69102440e-03
  3.53421259e-04  5.65827766e-04  6.23211404e-03  6.33320631e-03
  2.95033772e-03  9.58826393e-04 -2.46248255e-03  6.89198868e-03
  3.75209493e-03  5.85367624e-03  5.39987627e-03 -4.95168679e-05
  1.35740815e-02  6.16465788e-03  4.97465441e-03  2.30821618e-03
  1.92227103e-02  6.44231355e-03  5.00028767e-03  1.43217645e-03
  5.40628750e-03  5.92239667e-03  6.71706023e-03  6.80226553e-03
  4.65389434e-03  7.18616368e-03  5.97577635e-03  6.11900259e-03
  7.15925999e-04  5.24904719e-03 -8.30666919e-04  9.01548099e-03
  5.30436262e-03  5.84003888e-03 -1.78352266e-03  1.72707532e-03
  5.49892010e-03  3.69707961e-03  5.86590683e-03  2.45616282e-03
  5.95679786e-03 -5.61183377e-04  5.79289254e-03  5.60609438e-03
  1.00051248e+00  1.00364006e+00  1.00101519e+00  1.00852334e+00
  1.00594723e+00  1.00609088e+00  1.00591254e+00  1.00300348e+00
  1.00617921e+00  1.00478351e+00  1.00611126e+00  9.94275987e-01
  1.00608504e+00  9.90005672e-01  1.00434399e+00  1.00598001e+00
  1.00370169e+00  9.97330964e-01  1.00238621e+00  1.00314200e+00
  9.98864293e-01  9.98019457e-01  1.00640619e+00  1.00643778e+00
  1.00522053e+00  1.00216067e+00  9.99956369e-01  1.00639892e+00
  1.00363660e+00  1.00591111e+00  1.00576186e+00  9.98484015e-01
  1.00156212e+00  1.00619948e+00  1.00719833e+00  1.00640082e+00
  9.95356858e-01  1.00659692e+00  1.00476718e+00  1.00300074e+00
  1.00469577e+00  1.00620747e+00  1.00708807e+00  1.00670993e+00
  1.00438917e+00  1.00695992e+00  1.00593042e+00  1.00418305e+00
  1.00263560e+00  1.00829399e+00  9.98717368e-01  1.01101601e+00
  1.00467646e+00  1.00620317e+00  9.99494195e-01  1.00022411e+00
  1.00579262e+00  1.00134170e+00  1.00669956e+00  1.00274169e+00
  1.00641036e+00  9.99549806e-01  1.00478673e+00  1.00780272e+00
 -1.85062439e-04  6.01620134e-03  6.90707844e-03  7.06238346e-03
 -6.08019298e-03  6.21182518e-03  6.00659009e-03  8.32348596e-03
 -6.68118615e-03  6.39016600e-03  6.15785317e-03 -5.22155408e-03
 -8.29249527e-03 -3.71670350e-04 -6.73039025e-03  6.10113749e-03
  5.85256098e-03  7.18327006e-03 -5.87171596e-03  7.17120152e-03
  6.10039430e-03 -6.62219198e-03 -7.08142482e-03 -6.28138985e-03
 -5.95342042e-03  7.26354728e-03  5.35936451e-05 -6.34460384e-03
 -6.03924785e-03 -6.12567691e-03  8.22280720e-03  8.05929210e-03
 -9.56840999e-03  6.19177707e-03  6.17033755e-03  3.61295370e-03
  5.14853327e-03 -6.42818818e-03 -6.23463746e-03  6.37165876e-03
 -6.51547406e-03  6.24297280e-03 -6.17774483e-03  6.24640891e-03
  6.35105465e-03  7.06683425e-03 -6.08093245e-03  9.53195430e-03
  5.48045803e-03 -6.26533991e-03 -4.07380890e-03 -6.52200449e-03
  6.06059236e-03  6.01637829e-03 -5.56458300e-03  7.67799374e-03
  5.96295530e-03  4.90069063e-03 -7.21143093e-03 -6.94903079e-03
  6.06757635e-03  5.86635852e-03 -5.87413274e-03  6.46243943e-03
 -2.97181890e-03  2.74528726e-03 -2.18076888e-03 -7.29907828e-04
 -3.80032673e-03 -6.42456487e-03 -4.51896945e-03  1.37728686e-03
 -1.16128525e-04  4.99429833e-03 -4.54303576e-03 -6.68618036e-03
 -6.29522465e-03  1.85645204e-02 -8.64165928e-03 -1.48492819e-03
  8.52488726e-03 -6.83108158e-03  5.34180971e-03 -2.99723563e-03
 -1.21569587e-02 -1.11757917e-03 -1.66379684e-03  5.36202407e-03
  8.03646073e-03 -6.29621232e-03 -5.79416752e-03 -1.27747925e-02
 -1.01591451e-02 -6.03065826e-03 -8.42143036e-03 -6.47012051e-03
  5.65382140e-03 -4.65692347e-03 -6.73436839e-03  1.93538307e-03
  1.95342880e-02 -4.02159290e-03 -6.90367818e-03 -7.29667838e-04
 -3.14361206e-03 -7.45653175e-04 -6.27790624e-03 -7.76163116e-03
 -1.39335291e-02 -7.70618021e-03 -2.62758159e-03  1.97277940e-03
 -9.26698186e-03  1.69714529e-03  2.20975466e-03  3.13501037e-03
  2.52742757e-06 -4.15781559e-03 -1.38171632e-02 -2.40610912e-03
 -2.58048880e-03 -7.38173816e-03  5.46634709e-03 -1.72515586e-03
  1.04982103e-03 -6.20492036e-03 -1.26561662e-03  5.71748009e-04]
/bidirectional_1/bidirectional_1/backward_lstm_1/lstm_cell_5/kernel:0:
[[-0.02424907  0.00337357  0.00589278 ...  0.0699185  -0.0365646
  -0.03726363]
 [-0.03159636 -0.03772226 -0.02092338 ...  0.06183515 -0.02706023
  -0.04076048]
 [ 0.01726263  0.02779137  0.020495   ...  0.04730895 -0.01184763
   0.01171419]
 ...
 [-0.00304683  0.02496314  0.02758704 ...  0.00054149 -0.00695005
   0.01895964]
 [-0.02533339 -0.01010507  0.03130136 ...  0.02006345  0.01493208
  -0.01657488]
 [ 0.02969479  0.02037558  0.00869921 ...  0.03081766  0.00436318
  -0.01463748]]
/bidirectional_1/bidirectional_1/backward_lstm_1/lstm_cell_5/recurrent_kernel:0:
[[-0.09787027  0.01332117 -0.02386712 ... -0.09408376 -0.06070075
  -0.09804751]
 [ 0.01212776  0.11459535 -0.02327232 ...  0.08036301 -0.10870876
   0.03428008]
 [ 0.07370565 -0.00746464  0.01573855 ... -0.06313176  0.06613718
  -0.02687728]
 ...
 [-0.07763787 -0.03739459  0.05246227 ...  0.03912671  0.09534442
  -0.10919995]
 [ 0.07127909 -0.11447248  0.01968425 ... -0.05069943  0.13889062
   0.03572637]
 [-0.08842511  0.01111865  0.0166512  ...  0.01047348 -0.12946843
  -0.0324471 ]]
/bidirectional_1/bidirectional_1/forward_lstm_1:
/bidirectional_1/bidirectional_1/forward_lstm_1/lstm_cell_4:
/bidirectional_1/bidirectional_1/forward_lstm_1/lstm_cell_4/bias:0:
[ 1.80648528e-02  3.25945043e-03  1.54518615e-02  2.80888309e-03
  1.78629085e-02  1.35938386e-02  5.77707402e-03  1.67130828e-02
  1.00736823e-02  1.48718525e-02  1.94985215e-02  7.38670584e-03
  1.12282010e-02  1.00755924e-02  2.50493679e-02  1.57216322e-02
  1.47891522e-03  5.38946362e-03  1.21550933e-02  3.33713181e-03
  5.14212670e-03 -2.49160221e-03  1.21470373e-02  1.82692464e-02
  5.02895378e-03  1.33956540e-02  1.19866338e-02  9.99295898e-03
  9.67139378e-03  1.48025881e-02  1.94703154e-02  8.00209679e-03
  1.49834910e-02  8.94519780e-03  1.16287488e-02  7.36336969e-03
  1.48627255e-02  1.49995191e-02  4.31073131e-03  6.46695448e-03
  1.53879263e-02 -1.95896090e-03  8.47857911e-03  2.35356833e-03
  1.43438121e-02 -3.81929195e-03  1.54105145e-02  2.37108301e-02
  4.35304735e-03  4.87309461e-03  5.93958795e-03  7.41700642e-03
  4.68297582e-03  6.08560722e-03  8.53299908e-03  1.58870476e-03
  6.87874295e-03  1.02969520e-02  1.59488078e-02  1.62837561e-02
  1.24371992e-02  1.65382959e-02  9.78804659e-03  1.63448416e-02
  1.00756836e+00  9.99550104e-01  1.00686491e+00  1.00056684e+00
  9.94027793e-01  1.00613475e+00  9.99378264e-01  1.00759900e+00
  1.00434101e+00  1.00886142e+00  1.00847912e+00  1.00366032e+00
  1.00315571e+00  1.00126636e+00  9.88085747e-01  1.00627422e+00
  1.00338387e+00  9.96096015e-01  1.00148094e+00  1.00044334e+00
  1.00126648e+00  9.94361997e-01  1.00818849e+00  1.00639474e+00
  1.00286150e+00  1.00521231e+00  1.00538099e+00  1.00178933e+00
  1.00145984e+00  1.01103926e+00  9.87426400e-01  1.00788414e+00
  1.00565135e+00  1.00213981e+00  1.00531816e+00  1.00834584e+00
  1.00368273e+00  1.00673461e+00  1.00099742e+00  1.00546885e+00
  1.00524473e+00  9.91258025e-01  9.99845982e-01  9.98938859e-01
  1.00788760e+00  9.89126682e-01  9.93268907e-01  9.82090771e-01
  1.00885928e+00  1.00451875e+00  1.00846481e+00  1.00418139e+00
  1.00661814e+00  1.00181365e+00  1.00484884e+00  9.89241838e-01
  9.99404728e-01  1.00015819e+00  9.95466948e-01  1.01094055e+00
  1.00650823e+00  9.85691130e-01  1.00349653e+00  1.00797856e+00
 -1.17633287e-02 -7.16201728e-03  8.61959346e-03 -1.05233807e-02
 -4.52117901e-03 -6.49528811e-03  9.39287897e-03  1.39356293e-02
  9.05243028e-03  9.62488540e-03 -1.51984766e-02  1.09588355e-02
 -1.33490004e-02 -1.01735974e-02 -5.45688905e-03  1.25178434e-02
  6.88709039e-03  7.74925668e-03  1.16409911e-02  8.36982299e-03
 -9.58525855e-03 -8.12639669e-03 -9.16015450e-03 -1.32611077e-02
 -4.01072530e-03  1.08590452e-02  8.33123177e-03  1.00157233e-02
 -1.15045253e-02 -1.26794474e-02 -3.68083362e-04  9.20874532e-03
  8.01697560e-03  9.44999885e-03  8.82918667e-03  1.05537781e-02
  1.12219257e-02 -1.22392494e-02  1.62044950e-02  6.82239048e-03
  9.43683088e-03  1.04924636e-02  9.10114404e-03  2.49363459e-03
 -1.40195824e-02 -6.30196737e-05  2.79972155e-04  2.86457199e-03
 -7.23878201e-03 -5.62012382e-03  9.86205507e-03 -6.80464925e-03
  8.20941571e-03  7.71643640e-03 -8.45917780e-03  5.54474909e-03
 -8.27947911e-03  1.23508209e-02 -4.32689121e-04 -1.07928347e-02
  7.69381272e-03 -2.31080945e-03 -1.06262993e-02 -1.20939286e-02
  6.01959042e-03 -1.20745618e-02 -6.96808565e-03  1.59495492e-02
  1.95175447e-02  1.80812349e-04 -1.04207881e-02  5.59406588e-04
 -2.89566768e-03 -6.60306867e-03  1.15405687e-03 -5.57782361e-03
  2.95945676e-03 -4.51863371e-03  2.74077114e-02  1.58928370e-03
 -1.10538304e-02 -8.54606275e-03  3.23644519e-04 -1.13138147e-02
 -1.19605884e-02  1.74415298e-02 -3.29493568e-03 -2.14560726e-03
 -7.36037176e-03 -5.86270215e-03 -8.84399656e-03  1.44609076e-03
 -7.63161806e-04  1.70571089e-03  2.08786279e-02  3.52655567e-04
 -6.34323293e-03  2.94102542e-03 -2.46975338e-03 -6.36542868e-03
 -3.71564354e-04 -1.78938708e-03  2.17367858e-02 -6.55093277e-03
 -1.78878929e-03  2.14287471e-02 -1.45444591e-02 -1.20669911e-02
  1.10463225e-06  1.54602909e-02  9.97320656e-03  2.13828180e-02
 -9.94073786e-03 -5.81191014e-03 -4.64909570e-03 -1.16152205e-02
 -6.85467431e-03 -1.27249844e-02 -2.51333136e-03  1.74445920e-02
 -8.69318843e-03 -4.34982404e-03  1.79543011e-02  1.82022678e-03
  1.99405057e-03  1.06403539e-02  7.08388863e-03 -2.59667577e-04]
/bidirectional_1/bidirectional_1/forward_lstm_1/lstm_cell_4/kernel:0:
[[ 0.0125467   0.02048615  0.00863292 ... -0.01390723 -0.02842355
  -0.01220433]
 [-0.01569644 -0.02581866 -0.01868634 ...  0.02368199 -0.01837304
  -0.06953233]
 [ 0.00394771 -0.01370971 -0.03616207 ...  0.02672068 -0.00211986
  -0.02645173]
 ...
 [-0.02569754 -0.00877712  0.02792236 ... -0.02388961  0.03081464
  -0.01664336]
 [ 0.02689904 -0.01636512  0.00714859 ... -0.01196259 -0.01107134
  -0.00450209]
 [-0.01444658  0.02777386  0.02762652 ...  0.00172134 -0.02340195
   0.01329691]]
/bidirectional_1/bidirectional_1/forward_lstm_1/lstm_cell_4/recurrent_kernel:0:
[[ 0.01834754 -0.04940346 -0.09155591 ... -0.11839197  0.01286126
  -0.00600258]
 [-0.00331433  0.11334123 -0.01974002 ... -0.0795677  -0.00122131
   0.0060563 ]
 [ 0.0616581  -0.12237837 -0.00122233 ...  0.05565348 -0.15308504
  -0.06815329]
 ...
 [-0.09492505 -0.044596   -0.01603251 ... -0.01719913 -0.00181457
   0.00398413]
 [ 0.02325222 -0.01046528  0.05497831 ... -0.0792991   0.10838196
   0.05893853]
 [-0.08943556 -0.01011386 -0.01461309 ...  0.04609032  0.02485639
  -0.02924316]]
/concatenate:
/dense:
/dense/dense:
/dense/dense/bias:0:
[ 0.02397262 -0.13522218  0.05574806 -0.13619968  0.01825042 -0.12907209
 -0.0106553  -0.12675768 -0.13142017 -0.13628091 -0.13213027 -0.13168275
 -0.13322161 -0.13182972 -0.00384497  0.00627197 -0.03036699  0.00099029
 -0.04599328  0.03154138 -0.04908349  0.01732075 -0.01074054 -0.01408255
 -0.00956485 -0.00280469  0.00867692  0.0060356  -0.00150934  0.01824879
  0.0120409  -0.01732067  0.02633845  0.03965538  0.01652474 -0.01061476
  0.00843724 -0.04605898  0.00794601 -0.03297336  0.00793054  0.01085426
 -0.00868585  0.00547124  0.00408779 -0.00704082  0.00963964  0.03935298
  0.03972417 -0.00722613  0.0331285   0.00607502 -0.05480122  0.0082907
 -0.06716547 -0.0102481  -0.01868629 -0.01244513 -0.02778238  0.02185185
  0.00997796  0.00964523  0.03192453  0.04371559  0.0113301   0.02042211
  0.0107869  -0.04488509 -0.02335582 -0.05774899 -0.00877279 -0.03324623
 -0.0173135  -0.02077314 -0.00667975  0.00967912  0.01150449  0.04697981
  0.00959214  0.02743379  0.01661457 -0.01994187 -0.08955569 -0.04103322
 -0.09653492 -0.02485228 -0.10159415 -0.0202391  -0.10799488  0.02121419
 -0.00636568 -0.06326668  0.02879899 -0.05096563  0.01641952 -0.04818998
 -0.02511692 -0.0425594  -0.035533   -0.09554907  0.01779516 -0.07473829
 -0.01625644 -0.10009764  0.02737575  0.01751365 -0.06996109  0.02212065
 -0.05383207  0.03490826 -0.02934017 -0.04552048 -0.05127347 -0.03027636
 -0.06022043  0.020621   -0.08099532 -0.02630558 -0.06914137 -0.0126005
  0.03008424 -0.04793381  0.01617656 -0.03919911  0.03699091 -0.02993456
 -0.04911751 -0.01071713 -0.03875113 -0.05316138 -0.00852267 -0.0408293
 -0.03283205 -0.03973476 -0.01038988  0.00555902 -0.00909961 -0.00215629
 -0.0045559   0.00519959 -0.00667622 -0.00601461 -0.00778771  0.00452307
 -0.00437689 -0.00409638 -0.00663259 -0.00516175 -0.00538558  0.00940783
 -0.00061378 -0.00120936 -0.00137614 -0.00038371  0.00390223 -0.00023617
 -0.00072649 -0.00096334 -0.00100972 -0.00057136 -0.00096858 -0.00142659
 -0.00075062 -0.00083409  0.00161376  0.          0.          0.
  0.          0.          0.          0.          0.          0.
  0.          0.          0.          0.          0.          0.
  0.          0.          0.          0.          0.          0.
  0.          0.          0.          0.          0.          0.
  0.          0.          0.          0.          0.          0.
  0.          0.          0.          0.          0.          0.
  0.          0.          0.          0.          0.          0.
  0.          0.          0.          0.          0.          0.
  0.          0.          0.          0.          0.          0.
  0.          0.          0.        ]
/dense/dense/kernel:0:
[[ 0.01368879  0.20547491 -0.12387026 ... -0.00607422  0.0304298
   0.12261459]
 [-0.08607455  0.13613585 -0.0211817  ... -0.1147185  -0.1273091
  -0.01385446]
 [-0.04020965 -0.23073435  0.13056783 ...  0.02938111  0.01603496
  -0.08990851]
 ...
 [-0.26451117 -0.09302626 -0.0599645  ... -0.05774315  0.10066539
   0.05999306]
 [-0.19412705  0.08781623  0.40473172 ...  0.01939441 -0.00610413
  -0.04842456]
 [-0.20416975 -0.05521232 -0.3133517  ... -0.12075592 -0.10877464
   0.09310918]]
/input_1:
/input_2:
/reshape:
/tf.__operators__.getitem:
/tf.__operators__.getitem_1:
/tf.compat.v1.shape:
/tf.compat.v1.shape_1:
/tf.expand_dims:
/tf.math.reduce_prod:
/tf.reshape:
/tf.tile:
/top_level_model_weights:
